47
56
65
73
80
86
90
94
96
97
98
97
95
92
88
83
78
72
66
59
52
46
39
32
25
19
14
9
4
1
-2
-5
-6
-7
-6
-5
-4
-1
2
5
9
13
17
22
26
31
35
39
42
45
47
48
49
48
47
45
42
38
33
27
20
13
4
-4
-14
-23
-33
-43
-54
-63
-73
-82
-91
-99
-106
-113
-118
-122
-125
-127
-128
-127
-125
-122
-118
-112
-105
-98
-89
-79
-69
-58
-46
-34
-22
-10
2
14
25
36
47
56
65
73
80
86
90
94
96
97
98
97
95
92
88
83
78
72
66
59
52
46
39
32
25
19
14
9
4
1
-2
-5
-6
-7
-6
-5
-4
-1
2
5
9
13
17
22
26
31
35
39
42
45
47
48
49
48
47
45
42
38
33
27
20
13
4
-4
-14
-23
-33
-43
-54
-63
-73
-82
-91
-99
-106
-113
-118
-122
-125
-127
-128
-127
-125
-122
-118
-112
-105
-98
-89
-79
-69
-58
-46
-34
-22
-10
2
14
25
36
47
56
65
73
80
86
90
94
96
97
98
97
95
92
88
83
78
72
66
59
52
46
39
32
25
19
14
9
4
1
-2
-5
-6
-7
-6
-5
-4
-1
2
5
9
13
17
22
26
31
35
39
42
45
47
48
49
48
47
45
42
38
33
27
20
13
4
-4
-14
-23
-33
-43
-54
-63
-73
-82
-91
-99
-106
-113
-118
-122
-125
-127
-128
-127
-125
-122
-118
-112
-105
-98
-89
-79
-69
-58
-46
-34
-22
-10
2
14
25
36
47
56
65
73
80
86
90
94
96
97
98
97
95
92
88
83
78
72
66
59
52
46
39
32
25
19
14
9
4
1
-2
-5
-6
-7
-6
-5
-4
-1
2
5
9
13
17
22
26
31
35
39
42
45
47
48
49
48
47
45
42
38
33
27
20
13
4
-4
-14
-23
-33
-43
-54
-63
-73
-82
-91
-99
-106
-113
-118
-122
-125
-127
-128
-127
-125
-122
-118
-112
-105
-98
-89
-79
-69
-58
-46
-34
-22
-10
2
14
25
36
47
56
65
73
80
86
90
94
96
97
98
97
95
92
88
83
78
72
66
59
52
46
39
32
25
19
14
9
4
1
-2
-5
-6
-7
-6
-5
-4
-1
2
5
9
13
17
22
26
31
35
39
42
45
47
48
49
48
47
45
42
38
33
27
20
13
4
-4
-14
-23
-33
-43
-54
-63
-73
-82
-91
-99
-106
-113
-118
-122
-125
-127
-128
-127
-125
-122
-118
-112
-105
-98
-89
-79
-69
-58
-46
-34
-22
-10
2
14
25
36
47
56
65
73
80
86
90
94
96
97
98
97
95
92
88
83
78
72
66
59
52
46
39
32
25
19
14
9
4
1
-2
-5
-6
-7
-6
-5
-4
-1
2
5
9
13
17
22
26
31
35
39
42
45
47
48
49
48
47
45
42
38
33
27
20
13
4
-4
-14
-23
-33
-43
-54
-63
-73
-82
-91
-99
-106
-113
-118
-122
-125
-127
-128
-127
-125
-122
-118
-112
-105
-98
-89
-79
-69
-58
-46
-34
-22
-10
2
14
25
36
47
56
65
73
80
86
90
94
96
97
98
97
95
92
88
83
78
72
66
59
52
46
39
32
25
19
14
9
4
1
-2
-5
-6
-7
-6
-5
-4
-1
2
5
9
13
17
22
26
31
35
39
42
45
47
48
49
48
47
45
42
38
33
27
20
13
4
-4
-14
-23
-33
-43
-54
-63
-73
-82
-91
-99
-106
-113
-118
-122
-125
-127
-128
-127
-125
-122
-118
-112
-105
-98
-89
-79
-69
-58
-46
-34
-22
-10
2
14
25
36
47
56
65
73
80
86
90
94
96
97
98
97
95
92
88
83
78
72
66
59
52
46
39
32
25
19
14
9
4
1
-2
-5
-6
-7
-6
-5
-4
-1
2
5
9
13
17
22
26
31
35
39
42
45
47
48
49
48
47
45
42
38
33
27
20
13
4
-4
-14
-23
-33
-43
-54
-63
-73
-82
-91
-99
-106
-113
-118
-122
-125
-127
-128
-127
-125
-122
-118
-112
-105
-98
-89
-79
-69
-58
-46
-34
-22
-10
2
14
25
36
47
56
65
73
80
86
90
94
96
97
98
97
95
92
88
83
78
72
66
59
52
46
39
32
25
19
14
9
4
1
-2
-5
-6
-7
-6
-5
-4
-1
2
5
9
13
17
22
26
31
35
39
42
45
47
48
49
48
47
45
42
38
33
27
20
13
4
-4
-14
-23
-33
-43
-54
-63
-73
-82
-91
-99
-106
-113
-118
-122
-125
-127
-128
-127
-125
-122
-118
-112
-105
-98
-89
-79
-69
-58
-46
-34
-22
-10
2
14
25
36
47
56
65
73
80
86
90
94
96
97
98
97
95
92
88
83
78
72
66
59
52
46
39
32
25
19
14
9
4
1
-2
-5
-6
-7
-6
-5
-4
-1
2
5
9
13
17
22
26
31
35
39
42
45
47
48
49
48
47
45
42
38
33
27
20
13
4
-4
-14
-23
-33
-43
-54
-63
-73
-82
-91
-99
-106
-113
-118
-122
-125
-127
-128
-127
-125
-122
-118
-112
-105
-98
-89
-79
-69
-58
-46
-34
-22
-10
2
14
25
36
47
56
65
73
80
86
90
94
96
97
98
97
95
92
88
83
78
72
66
59
52
46
39
32
25
19
14
9
4
1
-2
-5
-6
-7
-6
-5
-4
-1
2
5
9
13
17
22
26
31
35
39
42
45
47
48
49
48
47
45
42
38
33
27
20
13
4
-4
-14
-23
-33
-43
-54
-63
-73
-82
-91
-99
-106
-113
-118
-122
-125
-127
-128
-127
-125
-122
-118
-112
-105
-98
-89
-79
-69
-58
-46
-34
-22
-10
2
14
25
36
47
56
65
73
80
86
90
94
96
97
98
97
95
92
88
83
78
72
66
59
52
46
39
32
25
19
14
9
4
1
-2
-5
-6
-7
-6
-5
-4
-1
2
5
9
13
17
22
26
31
35
39
42
45
47
48
49
48
47
45
42
38
33
27
20
13
4
-4
-14
-23
-33
-43
-54
-63
-73
-82
-91
-99
-106
-113
-118
-122
-125
-127
-128
-127
-125
-122
-118
-112
-105
-98
-89
-79
-69
-58
-46
-34
-22
-10
2
14
25
36
47
56
65
73
80
86
90
94
96
97
98
97
95
92
88
83
78
72
66
59
52
46
39
32
25
19
14
9
4
1
-2
-5
-6
-7
-6
-5
-4
-1
2
5
9
13
17
22
26
31
35
39
42
45
47
48
49
48
47
45
42
38
33
27
20
13
4
-4
-14
-23
-33
-43
-54
-63
-73
-82
-91
-99
-106
-113
-118
-122
-125
-127
-128
-127
-125
-122
-118
-112
-105
-98
-89
-79
-69
-58
-46
-34
-22
-10
2
14
25
36
47
56
65
73
80
86
90
94
96
97
98
97
95
92
88
83
78
72
66
59
52
46
39
32
25
19
14
9
4
1
-2
-5
-6
-7
-6
-5
-4
-1
2
5
9
13
17
22
26
31
35
39
42
45
47
48
49
48
47
45
42
38
33
27
20
13
4
-4
-14
-23
-33
-43
-54
-63
-73
-82
-91
-99
-106
-113
-118
-122
-125
-127
-128
-127
-125
-122
-118
-112
-105
-98
-89
-79
-69
-58
-46
-34
-22
-10
2
14
25
36
47
56
65
73
80
86
90
94
96
97
98
97
95
92
88
83
78
72
66
59
52
46
39
32
25
19
14
9
4
1
-2
-5
-6
-7
-6
-5
-4
-1
2
5
9
13
17
22
26
31
35
39
42
45
47
48
49
48
47
45
42
38
33
27
20
13
4
-4
-14
-23
-33
-43
-54
-63
-73
-82
-91
-99
-106
-113
-118
-122
-125
-127
-128
-127
-125
-122
-118
-112
-105
-98
-89
-79
-69
-58
-46
-34
-22
-10
2
14
25
36
47
56
65
73
80
86
90
94
96
97
98
97
95
92
88
83
78
72
66
59
52
46
39
32
25
19
14
9
4
1
-2
-5
-6
-7
-6
-5
-4
-1
2
5
9
13
17
22
26
31
35
39
42
45
47
48
49
48
47
45
42
38
33
27
20
13
4
-4
-14
-23
-33
-43
-54
-63
-73
-82
-91
-99
-106
-113
-118
-122
-125
-127
-128
-127
-125
-122
-118
-112
-105
-98
-89
-79
-69
-58
-46
-34
-22
-10
2
14
25
36
47
56
65
73
80
86
90
94
96
97
98
97
95
92
88
83
78
72
66
59
52
46
39
32
25
19
14
9
4
1
-2
-5
-6
-7
-6
-5
-4
-1
2
5
9
13
17
22
26
31
35
39
42
45
47
48
49
48
47
45
42
38
33
27
20
13
4
-4
-14
-23
-33
-43
-54
-63
-73
-82
-91
-99
-106
-113
-118
-122
-125
-127
-128
-127
-125
-122
-118
-112
-105
-98
-89
-79
-69
-58
-46
-34
-22
-10
2
14
25
36
47
56
65
73
80
86
90
94
96
97
98
97
95
92
88
83
78
72
66
59
52
46
39
32
25
19
14
9
4
1
-2
-5
-6
-7
-6
-5
-4
-1
2
5
9
13
17
22
26
31
35
39
42
45
47
48
49
48
47
45
42
38
33
27
20
13
4
-4
-14
-23
-33
-43
-54
-63
-73
-82
-91
-99
-106
-113
-118
-122
-125
-127
-128
-127
-125
-122
-118
-112
-105
-98
-89
-79
-69
-58
-46
-34
-22
-10
2
14
25
36
47
56
65
73
80
86
90
94
96
97
98
97
95
92
88
83
78
72
66
59
52
46
39
32
25
19
14
9
4
1
-2
-5
-6
-7
-6
-5
-4
-1
2
5
9
13
17
22
26
31
35
39
42
45
47
48
49
48
47
45
42
38
33
27
20
13
4
-4
-14
-23
-33
-43
-54
-63
-73
-82
-91
-99
-106
-113
-118
-122
-125
-127
-128
-127
-125
-122
-118
-112
-105
-98
-89
-79
-69
-58
-46
-34
-22
-10
2
14
25
36
47
56
65
73
80
86
90
94
96
97
98
97
95
92
88
83
78
72
66
59
52
46
39
32
25
19
14
9
4
1
-2
-5
-6
-7
-6
-5
-4
-1
2
5
9
13
17
22
26
31
35
39
42
45
47
48
49
48
47
45
42
38
33
27
20
13
4
-4
-14
-23
-33
-43
-54
-63
-73
-82
-91
-99
-106
-113
-118
-122
-125
-127
-128
-127
-125
-122
-118
-112
-105
-98
-89
-79
-69
-58
-46
-34
-22
-10
2
14
25
36
47
